// equation used:    rot = i * 360.0/64;    0.35*sin(degrees_to_radians(rot)) + 0.65;   // data was doubled to make 2 hills
0.65
0.684306
0.718282
0.7516
0.783939
0.814989
0.84445
0.872038
0.897487
0.920554
0.941014
0.958672
0.973358
0.984929
0.993275
0.998315
1
0.998315
0.993275
0.984929
0.973358
0.958672
0.941014
0.920554
0.897487
0.872038
0.84445
0.814989
0.783939
0.7516
0.718282
0.684306
0.65
0.615694
0.581718
0.5484
0.516061
0.485011
0.45555
0.427962
0.402513
0.379446
0.358986
0.341328
0.326642
0.315071
0.306725
0.301685
0.3
0.301685
0.306725
0.315071
0.326642
0.341328
0.358986
0.379446
0.402513
0.427962
0.45555
0.485011
0.516061
0.5484
0.581718
0.615694
0.65
0.684306
0.718282
0.7516
0.783939
0.814989
0.84445
0.872038
0.897487
0.920554
0.941014
0.958672
0.973358
0.984929
0.993275
0.998315
1
0.998315
0.993275
0.984929
0.973358
0.958672
0.941014
0.920554
0.897487
0.872038
0.84445
0.814989
0.783939
0.7516
0.718282
0.684306
0.65
0.615694
0.581718
0.5484
0.516061
0.485011
0.45555
0.427962
0.402513
0.379446
0.358986
0.341328
0.326642
0.315071
0.306725
0.301685
0.3
0.301685
0.306725
0.315071
0.326642
0.341328
0.358986
0.379446
0.402513
0.427962
0.45555
0.485011
0.516061
0.5484
0.581718
0.615694