1.000000 0.000000 -0.050000
0.998795 0.049068 -0.015694
0.995185 0.098017 0.018282
0.989177 0.146730 0.051600
0.980785 0.195090 0.083939
0.970031 0.242980 0.114989
0.956940 0.290285 0.144450
0.941544 0.336890 0.172038
0.923880 0.382683 0.197487
0.903989 0.427555 0.220554
0.881921 0.471397 0.241014
0.857729 0.514103 0.258672
0.831470 0.555570 0.273358
0.803208 0.595699 0.284929
0.773010 0.634393 0.293275
0.740951 0.671559 0.298315
0.707107 0.707107 0.300000
0.671559 0.740951 0.298315
0.634393 0.773010 0.293275
0.595699 0.803208 0.284929
0.555570 0.831470 0.273358
0.514103 0.857729 0.258672
0.471397 0.881921 0.241014
0.427555 0.903989 0.220554
0.382683 0.923880 0.197487
0.336890 0.941544 0.172038
0.290285 0.956940 0.144450
0.242980 0.970031 0.114989
0.195090 0.980785 0.083939
0.146730 0.989177 0.051600
0.098017 0.995185 0.018282
0.049068 0.998795 -0.015694
-0.000000 1.000000 -0.050000
-0.049068 0.998795 -0.084306
-0.098017 0.995185 -0.118282
-0.146730 0.989177 -0.151600
-0.195090 0.980785 -0.183939
-0.242980 0.970031 -0.214989
-0.290285 0.956940 -0.244450
-0.336890 0.941544 -0.272038
-0.382683 0.923880 -0.297487
-0.427555 0.903989 -0.320554
-0.471397 0.881921 -0.341014
-0.514103 0.857729 -0.358672
-0.555570 0.831470 -0.373358
-0.595699 0.803207 -0.384929
-0.634393 0.773010 -0.393275
-0.671559 0.740951 -0.398315
-0.707107 0.707107 -0.400000
-0.740951 0.671559 -0.398315
-0.773010 0.634393 -0.393275
-0.803208 0.595699 -0.384929
-0.831470 0.555570 -0.373358
-0.857729 0.514103 -0.358672
-0.881921 0.471397 -0.341014
-0.903989 0.427555 -0.320554
-0.923880 0.382684 -0.297487
-0.941544 0.336890 -0.272038
-0.956940 0.290285 -0.244450
-0.970031 0.242980 -0.214989
-0.980785 0.195090 -0.183939
-0.989177 0.146731 -0.151600
-0.995185 0.098017 -0.118282
-0.998795 0.049068 -0.084306
-1.000000 -0.000000 -0.050000
-0.998795 -0.049068 -0.015694
-0.995185 -0.098017 0.018282
-0.989177 -0.146730 0.051600
-0.980785 -0.195090 0.083939
-0.970031 -0.242980 0.114989
-0.956940 -0.290285 0.144450
-0.941544 -0.336890 0.172038
-0.923880 -0.382683 0.197487
-0.903989 -0.427555 0.220554
-0.881921 -0.471397 0.241014
-0.857729 -0.514103 0.258672
-0.831470 -0.555570 0.273358
-0.803208 -0.595699 0.284929
-0.773010 -0.634393 0.293275
-0.740951 -0.671559 0.298315
-0.707107 -0.707107 0.300000
-0.671559 -0.740951 0.298315
-0.634393 -0.773010 0.293275
-0.595699 -0.803208 0.284929
-0.555570 -0.831469 0.273358
-0.514103 -0.857729 0.258672
-0.471397 -0.881921 0.241014
-0.427555 -0.903989 0.220554
-0.382684 -0.923879 0.197487
-0.336890 -0.941544 0.172038
-0.290285 -0.956940 0.144450
-0.242980 -0.970031 0.114989
-0.195090 -0.980785 0.083939
-0.146730 -0.989177 0.051600
-0.098017 -0.995185 0.018282
-0.049068 -0.998795 -0.015694
0.000000 -1.000000 -0.050000
0.049068 -0.998795 -0.084306
0.098017 -0.995185 -0.118282
0.146730 -0.989177 -0.151600
0.195090 -0.980785 -0.183939
0.242980 -0.970031 -0.214989
0.290285 -0.956940 -0.244450
0.336890 -0.941544 -0.272038
0.382684 -0.923879 -0.297487
0.427555 -0.903989 -0.320554
0.471397 -0.881921 -0.341014
0.514103 -0.857729 -0.358672
0.555570 -0.831470 -0.373358
0.595699 -0.803208 -0.384929
0.634393 -0.773010 -0.393275
0.671559 -0.740951 -0.398315
0.707107 -0.707107 -0.400000
0.740951 -0.671559 -0.398315
0.773011 -0.634393 -0.393275
0.803207 -0.595699 -0.384929
0.831470 -0.555570 -0.373358
0.857729 -0.514103 -0.358672
0.881921 -0.471397 -0.341014
0.903989 -0.427555 -0.320554
0.923880 -0.382683 -0.297487
0.941544 -0.336890 -0.272038
0.956940 -0.290285 -0.244450
0.970031 -0.242980 -0.214989
0.980785 -0.195090 -0.183939
0.989177 -0.146731 -0.151600
0.995185 -0.098017 -0.118282
0.998795 -0.049068 -0.084306